38.899900 -77.049000 20.000000   2458088.540278
10062      3041.302336       173.904893        10.747006        -1.697054        -0.120472         0.033824
38.899900 -77.049000 20.000000   2458088.888194
10114      1537.014973       124.967052        13.286623        -5.550028        -0.175245         0.100637
38.899900 -77.049000 20.000000   2458088.556250
10121      2168.026061       286.340095        11.858160        -2.251851        -0.185899         0.032557
38.899900 -77.049000 20.000000   2458088.846528
10521      2263.213047       349.181486        10.986044        -6.256821         0.040855         0.087466
38.899900 -77.049000 20.000000   2458088.655556
10674      3004.571575       111.612083        11.322505        -1.475199        -0.132030         0.021570
38.899900 -77.049000 20.000000   2458088.527778
25338      2372.992941       259.966835        10.148288        -1.096655         0.182461         0.015204
38.899900 -77.049000 20.000000   2458088.516667
25544      1393.766001       331.326732        11.391007        -1.587409         0.300077         0.027977
38.899900 -77.049000 20.000000   2458088.500000
29155     37430.365431       181.431671        44.962910        -0.001508         0.000006        -0.000002
38.899900 -77.049000 20.000000   2458088.858333
33591      2345.226157        28.880025        11.912053        -6.023703         0.070693         0.085632
38.899900 -77.049000 20.000000   2458088.500000
36516     38015.587606       218.641500        37.182859         0.000363         0.000007         0.000002
38.899900 -77.049000 20.000000   2458088.519444
37820      1021.106383       299.730096        12.961408        -6.522550         0.132309         0.143432
38.899900 -77.049000 20.000000   2458088.572222
38771      2097.577837       148.295388        14.701775        -6.261186        -0.050089         0.103725
