    -5315.035639     -3392.119080     -2662.421671         2.990348        -6.812403         2.501094     15365.000000
    -1719.325289      6754.532910     -2005.534758        -6.119043        -2.920039        -3.013001     27227.000000
     6364.610848      3180.687555      2920.590327        -2.058782         6.253865        -2.330516     10201.000000
     2566.609805     -6189.435534      2789.493495         6.156655         3.212615         2.596711      2206.000000
    -5948.656063     -2250.563741     -2525.863528         1.637466        -7.172463         2.738075     59374.000000
     -579.272924      6975.252085     -2360.403100        -6.488012        -1.892389        -2.716686      7582.000000
     6847.350550      2348.630370      2542.804006        -1.082262         6.398078        -2.631740     59873.000000
     1438.302607     -6323.605002      2945.784543         6.833201         2.183994         2.364254     21142.000000
    -6382.943197     -1014.033930     -2388.623825         0.283047        -7.216839         2.943893     23633.000000
      483.593781      6977.018047     -2725.259158        -6.701885        -0.842633        -2.390248     82807.000000
     7184.223062      1385.026617      2117.161504        -0.132396         6.426346        -2.911959     10450.000000
     2393.288890     -6400.062488     -2066.882301        -1.911395         1.571290        -7.063854     33945.000000
     2976.984400     -6469.105775       536.017856        -0.854117        -0.989970        -7.366733      9990.000000
     3141.834240     -5639.379939      3065.518059         0.381903        -3.382161        -6.656927     55415.000000
     2844.633090     -4037.466186      5174.511664         1.617354        -5.273970        -5.036130     58467.000000
     2110.319306     -1895.807376      6575.187877         2.667035        -6.410726        -2.731475     66818.000000
     1030.219502       481.951570      7078.197460         3.367918        -6.648411        -0.061677     62457.000000
     -249.753990      2764.690700      6617.524884         3.603879        -5.970335         2.608430     31394.000000
    -1549.183131      4640.049435      5258.151232         3.323505        -4.485417         4.917846     31695.000000
    -2678.588661      5856.736191      3186.109376         2.548712        -2.409717         6.556994     81085.000000
    -3466.673541      6257.470334       682.794218         1.373295        -0.034862         7.307276     27067.000000
    -3785.632317      5798.645413     -1912.833727        -0.048276         2.312013         7.068476     67424.000000
    -6259.279903     -2533.204875      1404.024978        -0.943251        -1.655365        -7.363102      8213.000000
     6346.805214      2527.825162     -1048.678258         0.656571         1.517557         7.406980     30970.000000
    -6372.600911     -2455.803049       927.859429        -0.494050        -1.441362        -7.456718     23531.000000
     6445.696386      2441.072678      -573.370622         0.201516         1.313101         7.467024     45865.000000
    -6454.350533     -2363.174160       443.796601        -0.027322        -1.245128        -7.513208      5209.000000
     6512.314047      2339.775186       -93.394140        -0.266509         1.128378         7.490394      1682.000000
    -6502.757932     -2257.267866       -45.741062         0.453876        -1.068377        -7.531362     17145.000000
     6545.249859      2226.062790       388.928798        -0.744531         0.964752         7.476691     34432.000000
    -6516.304002     -2140.205052      -538.205673         0.946202        -0.912610        -7.510178     56012.000000
     6543.337593      2102.200510       871.230860        -1.229464         0.823330         7.425663       695.000000
    -6493.750706     -2014.258242     -1030.938601         1.446057        -0.779083        -7.448896     22355.000000
      941.219206       455.338573      6747.614005         6.168597        -4.480680        -0.546403     43022.000000
    -5243.612451      3126.147019     -3057.848128        -2.308947         2.716487         6.761809     28705.000000
     4508.856123     -3636.030435     -3649.088390        -3.885046         1.574690        -6.367921     12348.000000
      702.785771       637.898201      6762.808524         6.369688        -4.215905        -0.252077     23815.000000
    -5271.609198      2830.278591     -3287.260613        -2.641211         2.750858         6.626053     15634.000000
     4777.845119     -3507.563600     -3425.397649        -3.740650         1.275572        -6.519711     36656.000000
      456.614417       798.325635      6767.873508         6.549084        -3.937189         0.035189     36306.000000
    -5279.567038      2535.628516     -3505.942253        -2.969211         2.756834         6.484268     72016.000000
     5032.840463     -3357.882848     -3202.460135        -3.579309         0.992050        -6.658437     23797.000000
      204.584464       936.398879      6763.528360         6.706558        -3.646678         0.314973     83784.000000
    -5268.341989      2243.883834     -3713.990449        -3.291016         2.735343         6.337382     58731.000000
     4412.686646     -2689.100800      4396.199597         5.710127         3.832667        -3.382624     53865.000000
    -3689.861674     -3837.768993      4199.449113         6.384027        -2.104956         3.689852     15084.000000
    -6457.278405       985.821411     -1816.916440        -2.298045        -4.646216         5.652011     21283.000000
      204.223728      4209.031743     -5315.687714        -7.661652         0.093971        -0.215663     32974.000000
     6575.692391       824.042490     -1458.716998        -1.867698         4.673001        -5.778360     20570.000000
     3376.283952     -3890.578102      4413.991601         6.616318         1.932874        -3.352288     14263.000000
    -4688.207516     -2548.585662      4183.034540         5.443118        -3.923661         3.713026     25842.000000
    -5860.670023      2874.404621     -1834.304587        -3.598855        -3.740627         5.644686     54319.000000
     1459.107230      3954.125853     -5315.741741        -7.282972         2.377695        -0.226580     36777.000000
     6522.865176     -1171.119435     -1457.520900        -0.390072         5.016794        -5.779036     57896.000000
     2071.633623     -4718.642616      4410.403423         6.890072        -0.118158        -3.357793     34782.000000
    -5508.440195       692.359658     -3742.826831        -2.847977        -6.524121         2.964177     60137.000000
    -5965.642848      -206.106442     -3035.433094        -1.769675        -6.415697         3.892043       727.000000
    -6255.742832     -1053.938564     -2147.403127        -0.554427        -6.153196         4.610329     70118.000000
    -6343.364487     -1833.740524     -1124.004343         0.759533        -5.756434         5.069404     81913.000000
    -6200.621381     -2533.804179       -21.583091         2.121594        -5.246524         5.232401      9845.000000
    -5810.446505     -3147.667253      1095.125526         3.470914        -4.643635         5.078664     22240.000000
    -5169.405091     -3672.984269      2156.554409         4.739777        -3.965100         4.606480     54934.000000
    -4289.652735     -4109.839397      3092.582091         5.857957        -3.224163         3.834793     23241.000000
    -3199.747130     -4458.720670      3837.308128         6.757821        -2.429576         2.803637     64442.000000
    -1944.105673     -4718.449415      4334.030385         7.379746        -1.586215         1.573112     25270.000000
     -581.019250     -4884.404183      4540.067550         7.677375        -0.696686         0.220758     16763.000000
