     6165.542192      3289.569013     -2542.022098        -1.937235         6.483989         2.556348
     6398.987990      2238.185731     -2895.169226        -0.963210         6.906425         2.155188
     6474.515989      1133.265502     -3183.541242         0.063336         7.169918         1.693692
     6385.429841         0.947691     -3398.470215         1.119523         7.258874         1.178841
     6128.924816     -1130.387379     -3532.489424         2.178772         7.160655         0.619959
     5706.663629     -2230.680858     -3579.711761         3.211078         6.866899         0.028918
     5125.277677     -3268.979407     -3536.230441         4.183713         6.374971        -0.579821
     4396.718578     -4214.449137     -3400.510651         5.062439         5.689374        -1.189410
     3538.376468     -5037.597119     -3173.729530         5.813234         4.822901        -1.781110
     2572.885977     -5711.638907     -2860.014387         6.404473         3.797266        -2.335126
     1527.562937     -6213.908817     -2466.528843         6.809349         2.642962        -2.831736
      433.456014     -6527.175769     -2003.366781         7.008224         1.398191        -3.252616
     -675.947221     -6640.712891     -1483.235176         6.990542         0.106838        -3.582197
    -1766.261803     -6550.982935      -920.936376         6.755960        -1.184302        -3.808854
    -2803.849768     -6261.845694      -332.691888         6.314474        -2.428699        -3.925725
    -3757.401572     -5784.260044       264.624930         5.685500        -3.583209        -3.931050
    -4599.299742     -5135.526276       854.267408         4.896091        -4.610693        -3.827992
    -5306.650012     -4338.175617      1420.328877         3.978601        -5.481819        -3.624008
    -5861.922521     -3418.649639      1948.331548         2.968175        -6.175928        -3.329917
    -6253.204685     -2405.917662      2425.656984         1.900426        -6.681005        -2.958835
    -6474.115034     -1330.159807      2841.810460         0.809522        -6.992951        -2.525134
    -6523.456198      -221.607058      3188.533066        -0.273183        -7.114403        -2.043534
    -6404.694794       890.411005      3459.789281        -1.319972        -7.053364        -1.528403
    -6125.350251      1978.196502      3651.663701        -2.307119        -6.821818        -0.993273
    -5696.359488      3016.204313      3762.200155        -3.214873        -6.434503        -0.450553
    -5131.465763      3981.383407      3791.211972        -4.027203        -5.907886         0.088587
    -4446.661821      4853.375519      3740.085783        -4.731399        -5.259383         0.614214
    -3659.702195      5614.609270      3611.594598        -5.317623        -4.506809         1.117547
    -2789.687891      6250.324646      3409.730014        -5.778466        -3.668032         1.590823
    -1856.718589      6748.557490      3139.558542        -6.108555        -2.760794         2.027143
     -881.602315      7100.107747      2807.103440        -6.304231        -1.802665         2.420317
      114.390572      7298.509426      2419.250737        -6.363318        -0.811090         2.764726
     1109.743883      7340.015025      1983.676231        -6.284986         0.196499         3.055204
     2082.898256      7223.602450      1508.788792        -6.069715         1.202526         3.286958
     3012.455977      6951.008224      1003.684084        -5.719361         2.189119         3.455527
     3877.404073      6526.786591       478.101746        -5.237314         3.137955         3.556788
     4657.371525      5958.389777       -57.622133        -4.628763         4.030165         3.587021
     5332.935677      5256.259803      -592.616575        -3.901046         4.846306         3.543032
     5885.991229      4433.916603     -1115.561840        -3.064074         5.566454         3.422352
     6300.191911      3508.020766     -1614.811587        -2.130802         6.170455         3.223505
     6561.469371      2498.382163     -2078.562870        -1.117704         6.638375         2.946355
     6658.625070      1427.878804     -2495.084937        -0.045183         6.951199         2.592505
     6583.978516       322.244736     -2853.015082         1.062171         7.091795         2.165745
     6334.038787      -790.316179     -3141.724480         2.175593         7.046142         1.672480
     5910.147150     -1879.729551     -3351.748337         3.262543         6.804779         1.122091
     5319.019205     -2914.888472     -3475.262927         4.287614         6.364336         0.527139
     4573.099864     -3864.731424     -3506.577990         5.214009         5.728980        -0.096687
     3690.639880     -4699.525919     -3442.598939         6.005568         4.911511        -0.730948
     2695.414445     -5392.281256     -3283.203037         6.629218         3.933841        -1.355208
     1616.036648     -5920.172691     -3031.471402         7.057568         2.826619        -1.948141
      484.869662     -6265.830795     -2693.727831         7.271281         1.627906        -2.488897
     -663.396814     -6418.345365     -2279.356869         7.260851         0.380933        -2.958546
    -1793.382393     -6373.859012     -1800.403985         7.027439        -0.868766        -3.341400
    -2870.702178     -6135.679149     -1270.993561         6.582646        -2.076471        -3.626007
    -3863.533712     -5713.906594      -706.627121         5.947258        -3.201178        -3.805689
    -4743.920226     -5124.647064      -123.438231         5.149226        -4.207906        -3.878579
    -5488.715648     -4388.922083       462.520981         4.221240        -5.069172        -3.847207
    -6080.136983     -3531.418675      1035.901460         3.198270        -5.765578        -3.717776
    -6505.944977     -2579.212304      1582.549236         2.115382        -6.285623        -3.499263
    -6759.313923     -1560.571816      2089.853821         1.006021        -6.624928        -3.202503
    -6838.471967      -503.919227      2546.958983        -0.099169        -6.785128        -2.839348
    -6746.196219       563.019360      2944.855465        -1.173019        -6.772631        -2.421992
    -6489.237438      1613.865872      3276.381968        -2.192080        -6.597417        -1.962458
    -6077.732951      2624.061050      3536.162005        -3.136563        -6.271976        -1.472262
    -5524.648594      3571.182008      3720.501705        -3.990066        -5.810447        -0.962221
    -4845.274108      4435.139745      3827.269257        -4.739198        -5.227965        -0.442384
    -4056.783060      5198.289734      3855.771685        -5.373170        -4.540207         0.077964
    -3177.858442      5845.485621      3806.639867        -5.883391        -3.763115         0.590224
    -2228.378192      6364.101445      3681.728708        -6.263130        -2.912762         1.086386
    -1229.150428      6744.042855      3484.036051        -6.507236        -2.005326         1.558910
     -201.685368      6977.762954      3217.641371        -6.611963        -1.057157         2.000609
      832.010790      7060.293999      2887.663245        -6.574876        -0.084894         2.404539
     1849.635857      6989.302065      2500.232880        -6.394865         0.894381         2.763919
     2828.802096      6765.167879      2062.479416        -6.072268         1.862984         3.072077
     3747.274193      6391.092894      1582.521101        -5.609091         2.802490         3.322443
     4583.251923      5873.225163      1069.454681        -5.009349         3.693641         3.508596
     5315.714099      5220.794182       533.333403        -4.279489         4.516343         3.624376
     5924.838491      4446.237644       -14.878033        -3.428907         5.249794         3.664081
     6392.508486      3565.295731      -563.385219        -2.470507         5.872785         3.622755
     6702.910354      2597.040836     -1099.697520        -1.421252         6.364231         3.496571
     6843.214131      1563.803220     -1610.828570        -0.302628         6.703965         3.283306
     6804.315842       490.947928     -2083.577112         0.859098         6.873827         2.982894
     6581.599240      -593.542249     -2504.896499         2.032939         6.859014         2.597989
     6175.653214     -1659.715791     -2862.352083         3.183740         6.649631         2.134501
     5592.860289     -2676.553775     -3144.652518         4.273296         6.242282         1.601970
     4845.758036     -3613.114182     -3342.224592         5.262114         5.641490         1.013705
     3953.075698     -4439.870115     -3447.784220         6.111738         4.860668         0.386558
     2939.368983     -5130.148874     -3456.843021         6.787449         3.922369        -0.259712
     1834.218704     -5661.540975     -3368.085256         7.260989         2.857633        -0.903476
      671.018998     -6017.128290     -3183.557805         7.512926         1.704378        -1.522591
     -514.553807     -6186.388269     -2908.636999         7.534243         0.504980        -2.095883
    -1686.246443     -6165.668876     -2551.767114         7.326895        -0.696638        -2.604569
    -2808.934959     -5958.189521     -2123.998845         6.903265        -1.857982        -3.033384
    -3850.164808     -5573.591986     -1638.383794         6.284649        -2.940611        -3.371293
    -4781.394560     -5027.125045     -1109.296253         5.499094        -3.912096        -3.611738
    -5578.869036     -4338.583993      -551.754081         4.578955        -4.747150        -3.752435
    -6224.107265     -3531.136769        19.201590         3.558530        -5.427967        -3.794860
    -6704.040307     -2630.154982       589.027530         2.472044        -5.943886        -3.743538
    -7010.866163     -1662.139573      1144.081298         1.352100        -6.290596        -3.605266
    -7141.702428      -653.796745      1671.904870         0.228660        -6.469103        -3.388374
    -7098.115584       368.711921      2161.401068        -0.871517        -6.484618        -3.102098
     3438.245704     -4606.437235     -4235.096242        -3.784709         2.614591        -5.902663
     3576.063750     -4691.433998     -4022.807513        -3.651625         2.429190        -6.063160
     3709.165581     -4769.626288     -3804.970720        -3.513056         2.240813        -6.215283
     3837.351119     -4840.919444     -3581.886634        -3.369188         2.049734        -6.358824
     3960.426915     -4905.228883     -3353.863232        -3.220215         1.856233        -6.493585
     4078.206436     -4962.480196     -3121.215264        -3.066340         1.660590        -6.619382
     4190.510353     -5012.609233     -2884.263807        -2.907770         1.463091        -6.736044
     4297.166810     -5055.562168     -2643.335809        -2.744724         1.264019        -6.843410
     4398.011691     -5091.295548     -2398.763631        -2.577424         1.063664        -6.941336
     4492.888869     -5119.776331     -2150.884574        -2.406100         0.862313        -7.029688
     4581.650444     -5140.981907     -1900.040408        -2.230989         0.660255        -7.108348
     4664.156971     -5154.900098     -1646.576886        -2.052333         0.457779        -7.177211
     4740.277680     -5161.529150     -1390.843260        -1.870379         0.255174        -7.236185
     4809.890669     -5160.877705     -1133.191790        -1.685380         0.052729        -7.285193
     4872.883104     -5152.964762      -873.977251        -1.497593        -0.149270        -7.324170
     4929.151389     -5137.819616      -613.556431        -1.307280        -0.350537        -7.353068
     4978.601328     -5115.481787      -352.287638        -1.114707        -0.550788        -7.371850
     5021.148281     -5086.000935       -90.530193        -0.920144        -0.749742        -7.380497
     5056.717291     -5049.436759       171.356067        -0.723863        -0.947120        -7.379000
     5085.243209     -5005.858874       433.011293        -0.526141        -1.142646        -7.367366
     5106.670804     -4955.346693       694.076123        -0.327254        -1.336049        -7.345618
     5120.954848     -4897.989270       954.192183        -0.127484        -1.527060        -7.313789
     5128.060199     -4833.885153      1213.002582         0.072889        -1.715416        -7.271929
     5127.961863     -4763.142206      1470.152406         0.273581        -1.900858        -7.220102
     5120.645041     -4685.877429      1725.289209         0.474309        -2.083131        -7.158383
     5106.105164     -4602.216761      1978.063501         0.674788        -2.261986        -7.086864
     5084.347911     -4512.294867      2228.129221         0.874734        -2.437181        -7.005647
     5055.389214     -4416.254924      2475.144223         1.073864        -2.608479        -6.914852
     5019.255244     -4314.248385      2718.770736         1.271894        -2.775648        -6.814606
     4975.982390     -4206.434734      2958.675828         1.468544        -2.938466        -6.705055
     4925.617213     -4092.981235      3194.531862         1.663533        -3.096714        -6.586353
     4868.216396     -3974.062668      3426.016940         1.856583        -3.250184        -6.458668
     4803.846671     -3849.861053      3652.815341         2.047419        -3.398672        -6.322183
     4732.584737     -3720.565366      3874.617945         2.235768        -3.541984        -6.177088
     4654.517162     -3586.371249      4091.122656         2.421361        -3.679935        -6.023587
     4569.740267     -3447.480711      4302.034804         2.603932        -3.812345        -5.861897
     4478.360006     -3304.101814      4507.067543         2.783219        -3.939044        -5.692242
     4380.491820     -3156.448360      4705.942235         2.958964        -4.059872        -5.514861
     4276.260487     -3004.739571      4898.388821         3.130916        -4.174677        -5.329999
     4165.799955     -2849.199754      5084.146183         3.298826        -4.283315        -5.137915
     4049.253163     -2690.057973      5262.962487         3.462452        -4.385652        -4.938874
     3926.771846     -2527.547700      5434.595523         3.621557        -4.481564        -4.733153
     3798.516334     -2361.906478      5598.813014         3.775912        -4.570935        -4.521037
     3664.655332     -2193.375566      5755.392931         3.925292        -4.653660        -4.302817
     3525.365695     -2022.199587      5904.123779         4.069480        -4.729643        -4.078796
     3380.832184     -1848.626174      6044.804875         4.208265        -4.798798        -3.849281
     3231.247221     -1672.905606      6177.246606         4.341446        -4.861049        -3.614588
     3076.810619     -1495.290449      6301.270676         4.468827        -4.916329        -3.375039
     2917.729317     -1316.035192      6416.710337         4.590220        -4.964584        -3.130964
     2754.217097     -1135.395884      6523.410600         4.705446        -5.005765        -2.882695
     2586.494289      -953.629767      6621.228435         4.814335        -5.039838        -2.630572
     2414.787474      -770.994910      6710.032947         4.916724        -5.066777        -2.374940
     2239.329173      -587.749846      6789.705549         5.012460        -5.086564        -2.116148
     2060.357531      -404.153207      6860.140101         5.101398        -5.099196        -1.854548
     1878.115989      -220.463361      6921.243046         5.183404        -5.104674        -1.590496
     1692.852955       -36.938050      6972.933523         5.258351        -5.103014        -1.324351
     1504.821461       146.165965      7015.143462         5.326125        -5.094240        -1.056475
     1314.278819       328.593265      7047.817667         5.386618        -5.078385        -0.787231
     1121.486267       510.090121      7070.913876         5.439735        -5.055492        -0.516983
      926.708615       690.404846      7084.402806         5.485389        -5.025615        -0.246098
      730.213877       869.288138      7088.268185         5.523505        -4.988816         0.025057
      532.272911      1046.493421      7082.506760         5.554016        -4.945167         0.296117
      333.159041      1221.777178      7067.128289         5.576868        -4.894750         0.566715
      133.147684      1394.899283      7042.155524         5.592015        -4.837654         0.836486
      -67.484024      1565.623324      7007.624165         5.599423        -4.773980         1.105066
     -268.457613      1733.716917      6963.582806         5.599069        -4.703834         1.372094
     -469.493660      1898.952023      6910.092861         5.590939        -4.627335         1.637209
     -670.312170      2061.105246      6847.228472         5.575031        -4.544606         1.900055
     -870.632968      2219.958129      6775.076405         5.551353        -4.455782         2.160279
    -1070.176078      2375.297447      6693.735923         5.519924        -4.361003         2.417530
    -1268.662113      2526.915484      6603.318650         5.480773        -4.260418         2.671462
    -1465.812657      2674.610303      6503.948415         5.433942        -4.154185         2.921736
    -1661.350653      2818.186011      6395.761078         5.379480        -4.042467         3.168014
    -1855.000783      2957.453014      6278.904348         5.317448        -3.925434         3.409966
    -2046.489854      3092.228259      6153.537579         5.247919        -3.803265         3.647268
    -2235.547168      3222.335467      6019.831556         5.170975        -3.676145         3.879601
    -2421.904908      3347.605364      5877.968257         5.086707        -3.544263         4.106653
    -2605.298503      3467.875890      5728.140618         4.995218        -3.407816         4.328119
    -2785.466999      3582.992402      5570.552263         4.896622        -3.267007         4.543704
    -2962.153427      3692.807875      5405.417240         4.791040        -3.122043         4.753116
    -3135.105156      3797.183074      5232.959727         4.678604        -2.973137         4.956077
    -3304.074253      3895.986736      5053.413737         4.559456        -2.820506         5.152312
    -3468.817826      3989.095721      4867.022805         4.433749        -2.664374         5.341559
    -3629.098373      4076.395166      4674.039663         4.301641        -2.504966         5.523564
    -3784.684113      4157.778622      4474.725906         4.163302        -2.342513         5.698082
    -3935.349316      4233.148177      4269.351641         4.018912        -2.177248         5.864878
    -4080.874623      4302.414571      4058.195133         3.868656        -2.009408         6.023728
    -4221.047365      4365.497296      3841.542431         3.712731        -1.839235         6.174419
    -4355.661858      4422.324687      3619.686994         3.551339        -1.666969         6.316746
    -4484.519710      4472.834000      3392.929300         3.384692        -1.492857         6.450519
    -4607.430100      4516.971475      3161.576449         3.213009        -1.317144         6.575556
    -4724.210060      4554.692387      2925.941754         3.036517        -1.140080         6.691689
    -4834.684742      4585.961091      2686.344330         2.855448        -0.961914         6.798759
    -4938.687673      4610.751047      2443.108671         2.670043        -0.782897         6.896622
    -5036.061005      4629.044836      2196.564219         2.480548        -0.603279         6.985143
    -5126.655748      4640.834163      1947.044929         2.287217        -0.423312         7.064203
    -5210.331999      4646.119848      1694.888826         2.090308        -0.243248         7.133693
    -5286.959148      4644.911803      1440.437560         1.890085        -0.063336         7.193517
    -5356.416085      4637.229003      1184.035950         1.686817         0.116172         7.243592
    -5418.591385      4623.099431       926.031527         1.480778         0.295028         7.283848
    -5473.383486      4602.560030       666.774075         1.272248         0.472984         7.314227
    -4929.185079      2237.699493     -4291.928098         3.578643        -3.242211        -5.858815
    -3659.184791      1205.808766     -5746.413868         5.088675        -3.855914        -4.088114
    -2024.867201        48.795002     -6624.103239         6.081673        -4.084360        -1.914899
     -191.209953     -1117.959614     -6839.258463         6.464136        -3.906117         0.442920
     1658.455957     -2178.322054     -6372.046281         6.202518        -3.338979         2.752292
     3340.196981     -3026.519853     -5269.798744         5.324967        -2.437757         4.786477
     4686.990210     -3577.210214     -3642.198306         3.918136        -1.289200         6.345342
     5564.633706     -3773.735378     -1650.881439         2.119465        -0.004451         7.273439
     5884.800970     -3593.895277       505.754017         0.105300         1.290629         7.474850
     5614.095952     -3052.674652      2611.443741        -1.924717         2.466838         6.923663
     4778.123259     -2201.510350      4453.199407        -3.766279         3.404063         5.668748
     3459.867690     -1123.917862      5842.856328        -5.230806         4.003773         3.831534
     1792.137079        72.362326      6636.859144        -6.165668         4.200219         1.595958
      -55.530548      1266.105322      6751.993923        -6.471750         3.968750        -0.809345
    -1894.333309      2335.180576      6174.987412        -6.115693         3.329783        -3.135169
    -3536.161008      3169.550573      4964.513872        -5.134619         2.347434        -5.139370
    -4813.664228      3683.103126      3245.126254        -3.632232         1.122711        -6.614199
    -5597.959412      3822.837874      1193.779023        -1.766727        -0.217869        -7.409393
    -5811.834576      3574.304857      -979.327561         0.267627        -1.536539        -7.447795
    -5437.027014      2962.752554     -3053.123528         2.262356        -2.699330        -6.731804
    -4515.031810      2050.046695     -4818.550424         4.017005        -3.589914        -5.340567
    -3141.754735       927.935635     -6099.434435         5.359027        -4.120742        -3.419292
    -1456.981159      -291.420662     -6769.363728         6.159512        -4.240631        -1.162807
      369.976128     -1486.588718     -6763.245070         6.343858        -3.938579         1.204303
     2156.939488     -2538.594580     -6082.852587         5.897197        -3.243979         3.448976
     3726.344473     -3342.261482     -4796.203399         4.864782        -2.223585         5.350775
     4922.126119     -3816.268658     -3030.989569         3.347677        -0.975617         6.721639
     5624.701210     -3911.146661      -962.610422         1.494057         0.378696         7.423233
     5762.817657     -3614.515933      1202.345892        -0.513613         1.705761         7.380794
     5321.144427     -2952.989581      3245.972333        -2.475034         2.871990         6.592151
     4342.661612     -1990.344060      4960.660342        -4.191301         3.757064         5.130480
     2925.252222      -821.852344      6170.457805        -5.485395         4.266884         3.139545
     1212.436512       434.917577      6749.878516        -6.221722         4.344631         0.820831
     -621.099498      1652.051486      6637.860595        -6.322084         3.978240        -1.586848
    -2387.757672      2704.730608      5844.945248        -5.775488         3.202844        -3.833236
    -3906.984162      3484.586313      4452.531578        -4.639970         2.097488        -5.684718
    -5024.496102      3911.313589      2604.145687        -3.035898         0.776361        -6.950583
    -5628.415880      3941.111610       489.814147        -1.131752        -0.624184        -7.503719
    -5660.440007      3570.996000     -1674.415835         0.875342        -1.960866        -7.293060
    -5120.950508      2838.638363     -3669.221452         2.781348        -3.098793        -6.346745
    -4067.847106      1817.987015     -5294.359435         4.396441        -3.924975        -4.766516
    -2609.643753       611.388513     -6388.315779         5.563196        -4.358755        -2.715050
     -893.911337      -660.794018     -6843.516199         6.170439        -4.358525        -0.398420
      907.566839     -1871.972306     -6616.007257         6.162164        -3.924645         1.954158
     2615.477985     -2901.467422     -5729.093362         5.541468        -3.098809         4.111519
     4060.086493     -3646.005227     -4270.868476         4.369708        -1.960169         5.861295
     5097.420658     -4029.682977     -2385.932109         2.761133        -0.618542         7.029142
     5623.260291     -4011.599009      -261.888612         0.873185         0.795029         7.495325
     5583.709357     -3590.424652      1888.435622        -1.107274         2.139994         7.207434
     4981.248673     -2805.332091      3847.723593        -2.981234         3.279674         6.187721
     3875.395230     -1732.922806      5416.072723        -4.557245         4.095292         4.533576
     2377.510909      -480.160119      6431.902993        -5.671743         4.499187         2.410005
      639.920760       826.214875      6789.489695        -6.207576         4.445441         0.033916
    -1159.742606      2052.780616      6450.869033        -6.108033         3.936158        -2.348660
    -2837.300804      3073.587328      5450.412145        -5.384000         3.022124        -4.489774
    -4221.673703      3783.651329      3891.296415        -4.112890         1.797444        -6.167508
    -5172.986303      4110.116411      1934.251009        -2.429381         0.388850        -7.210610
    -5596.954927      4019.747521      -219.943374        -0.509495        -1.058697        -7.516432
    -5453.977204      3521.982304     -2351.916131         1.449432        -2.397956        -7.060115
    -4762.165277      2667.404280     -4246.492216         3.249968        -3.494734        -5.894625
    -3594.381240      1542.071952     -5714.268001         4.714369        -4.240901        -4.142684
    -2069.994572       258.543120     -6609.885976         5.701033        -4.564013        -1.982472
     -342.505189     -1055.354345     -6845.519269         6.116573        -4.433125         0.370739
     1415.626718     -2268.902060     -6398.679959         5.923134        -3.860828         2.685077
     3029.563435     -3260.961768     -5313.973498         5.140988        -2.901753         4.733132
     4338.739182     -3931.555358     -3698.817703         3.846547        -1.647805         6.312369
     5212.276581     -4211.646234     -1713.470575         2.165957        -0.220389         7.263817
     5561.907659     -4070.281965       443.964828         0.264375         1.240121         7.487817
     5351.192148     -3518.351349      2556.510651        -1.668755         2.587233         6.955413
     4599.962628     -2608.378311      4409.763643        -3.437731         3.682730         5.713753
     3383.218655     -1430.068074      5813.863989        -4.860587         4.411328         3.884005
     1824.189166      -101.755131      6623.664004        -5.788965         4.693907         1.650927
       81.969114      1241.559386      6754.676412        -6.125259         4.497357        -0.755661
    -1665.086992      2462.348605      6192.672391        -5.834410         3.839340        -3.085711
    -3238.335623      3435.231598      4995.520469        -4.948273         2.786909        -5.096956
    -4477.871714      4060.370042      3286.911261        -3.561750         1.449015        -6.582123
    -5259.276665      4273.946399      1242.778865        -1.821302        -0.036007        -7.391455
    -5506.135399      4054.531416      -927.763150         0.092214        -1.516018        -7.447633
    -5197.061613      3424.771816     -3004.522964         1.983701        -2.841459        -6.751723
    -4366.781017      2448.469025     -4778.756444         3.664191        -3.880473        -5.380349
    -3101.565577      1223.643737     -6073.752564         4.969161        -4.531260        -3.475482
    -1529.862573      -127.480790     -6761.620407         5.773271        -4.730840        -1.228839
      190.715769     -1470.490949     -6775.013405         6.000786        -4.459964         1.137103
     1888.744707     -2671.686352     -6113.074685         5.631453        -3.744265         3.389734
     3395.366563     -3610.819559     -4841.331926         4.701865        -2.651870         5.307244
     4560.404479     -4192.679402     -3085.623974         3.302384        -1.287675         6.698709
     5266.935850     -4356.579603     -1020.462561         1.569683         0.215508         7.422203
     5443.068145     -4082.875409      1147.411287        -0.325009         1.708685         7.399577
     5069.722004     -3395.743286      3199.084661        -2.191575         3.040708         6.626293
     4183.406398     -2361.678418      4925.461043        -3.839680         4.073619         5.174587
     2873.336947     -1083.532283      6149.032481        -5.098803         4.697754         3.188594
     1272.826663       309.575892      6742.996967        -5.837321         4.844666         0.870904
     -454.382218      1675.551702      6645.320268        -5.977936         4.495835        -1.538594
    -2131.410092      2874.359699      5865.810322        -5.506974         3.685593        -3.789195
    -3587.112067      3782.990620      4485.153764        -4.475942         2.497534        -5.647609
    -4674.207417      4308.512502      2645.999326        -2.995075         1.054897        -6.923859
    -5284.477349      4397.646993       537.305849        -1.220007        -0.493588        -7.491290
    -5359.349447      4041.859595     -1625.955915         0.666173        -1.990184        -7.298343
    -4894.922131      3277.612860     -3625.215396         2.472804        -3.284712        -6.371395
    -3941.255433      2182.049084     -5260.304446         4.020937        -4.249254        -4.809353
    -2596.404940       864.832854     -6368.882720         5.160114        -4.789757        -2.771648
    -1669.938272      1375.781574      6482.035877         7.121149        -1.687651         2.180084
     1079.470193       639.709427      6712.707503         7.264700        -2.159925        -0.974544
     3641.811661      -201.559639      5768.399002         6.136451        -2.255946        -3.964474
     5567.548761     -1001.758037      3812.623627         3.929374        -1.960495        -6.263372
     6517.516250     -1622.404107      1187.475817         1.028927        -1.326918        -7.464260
     6323.747151     -1957.077770     -1646.275923        -2.054488        -0.467773        -7.354079
     5019.813256     -1949.956435     -4190.957796        -4.777347         0.465505        -5.953046
     2834.763307     -1605.183364     -6000.504709        -6.661218         1.310024        -3.510465
      151.921346      -985.448434     -6759.223209        -7.377991         1.920465        -0.458185
    -2559.387681      -200.282119     -6336.513682        -6.806159         2.194165         2.668132
    -4826.333335       613.540008     -4808.316099        -5.049115         2.087859         5.323977
    -6254.538418      1315.819543     -2442.473830        -2.414329         1.623732         7.049751
    -6595.639405      1786.841636       348.514297         0.641034         0.884439         7.547901
    -5789.584061      1947.454368      3078.820541         3.588084        -0.001513         6.732135
    -3975.062588      1772.167928      5272.760304         5.915368        -0.881535         4.741966
    -1466.355455      1293.230418      6546.801434         7.215807        -1.604544         1.920406
     1300.013552       594.984843      6676.554036         7.257848        -2.046563        -1.242667
     3840.497588      -200.689405      5637.083604         6.028464        -2.132202        -4.193806
     5709.163225      -955.535903      3608.780239         3.738865        -1.848167        -6.412988
     6576.861793     -1539.086895       946.737205         0.789659        -1.245917        -7.507250
     6290.279419     -1851.515902     -1881.637916        -2.299800        -0.432533        -7.282740
     4899.545438     -1840.968027     -4379.671986        -4.985052         0.448706        -5.780334
     2649.074460     -1512.183476     -6109.714109        -6.794810         1.244258        -3.267372
      -66.420107      -924.959110     -6770.243092        -7.414536         1.817596        -0.187763
    -2772.126226      -182.982312     -6247.922591        -6.739936         2.072625         2.918675
    -4996.410439       584.678144     -4635.963541        -4.892108         1.969249         5.511480
    -6352.403202      1245.988079     -2216.569535        -2.193827         1.528925         7.142197
    -6604.208261      1688.405129       588.624702         0.887096         0.829939         7.529483
    -5707.133015      1837.726088      3291.317017         3.817309        -0.006361         6.605758
    -3815.621127      1670.366555      5420.426755         6.087833        -0.836049         4.528923
    -1257.480129      1217.140756      6603.440027         7.300855        -1.516765         1.657173
     1521.843918       557.874814      6631.679272         7.239705        -1.931878        -1.510303
     4036.205755      -192.387246      5498.004112         5.909538        -2.010746        -4.418588
     5844.056082      -903.380071      3399.541110         3.539797        -1.741367        -6.554759
     6626.961142     -1452.395061       703.961320         0.545808        -1.172724        -7.540534
     6246.726554     -1745.748697     -2115.311644        -2.544892        -0.405992        -7.201647
     4770.176532     -1734.986607     -4563.296671        -5.187843         0.423878        -5.599608
     2456.883361     -1424.868281     -6211.368571        -6.919763         1.172578        -3.019406
     -287.542481      -871.819153     -6772.592192        -7.440304         1.711973         0.083622
    -2983.467094      -173.392928     -6151.050747        -6.662680         1.951958         3.166212
    -5161.167617       549.102197     -4457.124571        -4.725660         1.854955         5.692591
    -6441.932799      1171.610780     -1987.058660        -1.967033         1.441099         7.225949
    -6602.833012      1588.377800       828.853029         1.135243         0.783856         7.501489
    -5614.816307      1729.634035      3500.402787         4.044007        -0.002812         6.470493
    -3648.094914      1573.142976      5561.702849         6.253497        -0.783637         4.309199
    -1043.731522      1147.775532      6651.782738         7.375924        -1.424736         1.390690
     1744.443602       528.463363      6578.044808         7.210130        -1.816381        -1.777075
     4228.414001      -176.764628      5351.266287         5.779794        -1.892087        -4.638448
     5971.799165      -845.579127      3185.139906         3.332537        -1.640508        -6.688395
     6667.561203     -1362.742883       459.465431         0.297917        -1.107578        -7.563970
     6193.055993     -1640.240587     -2346.957931        -2.789160        -0.388172        -7.110828
     4631.895755     -1632.441652     -4741.534256        -5.385169         0.391225        -5.411054
     2258.560967     -1343.554320     -6305.262929        -7.035678         1.095367        -2.766863
     -510.962694      -826.176031     -6766.187498        -7.455108         1.604090         0.355627
    -3192.899106      -171.467560     -6045.944486        -6.574430         1.832679         3.410409
    -5320.149939       507.043023     -4271.962754        -4.550025         1.745424         5.867028
    -6522.802158      1093.062472     -1754.194915        -1.734374         1.360556         7.300816
    -6591.372772      1487.214566      1068.894214         1.384938         0.746303         7.463843
    -5512.704659      1623.636386      3705.769312         4.267609         0.009037         6.326401
    -3472.760465      1480.880780      5696.329305         6.411856        -0.724592         4.082995
     -825.549639      1085.377255      6691.669321         7.440671        -1.328902         1.121277
     1967.284585       506.808319      6515.625202         7.169012        -1.700590        -2.042596
     4416.602921      -153.960333      5196.990351         5.639390        -1.776728        -4.853010
     6091.979838      -782.444935      2965.822763         3.117485        -1.545987        -6.813613
     6698.433808     -1270.559335       213.574329         0.046547        -1.050693        -7.577428
     6129.264042     -1535.459297     -2576.236379        -3.031995        -0.379059        -7.010331
     4484.919241     -1533.754087     -4914.091745        -5.576493         0.350978        -5.214874
     2054.498413     -1268.539646     -6391.200697        -7.142179         1.013035        -2.510045
     -736.187126      -788.152430     -6750.956728        -7.458786         1.494455         0.627907
    -3399.911167      -177.133190     -5932.661285        -6.475255         1.715302         3.650931
    -5472.912747       458.755482     -4080.652103        -4.365482         1.641091         6.034515
    -6594.705226      1010.735576     -1518.240821        -1.496296         1.287581         7.366610
    -6569.711991      1385.378744      1308.437207         1.635631         0.717366         7.416478
    -5400.896993      1520.189030      3907.106342         4.487545         0.029058         6.173556
    -3289.920822      1393.950641      5824.050601         6.562418        -0.659234         3.850527
     -603.394306      1030.166719      6722.948891         7.494774        -1.229725         0.849267
     2189.830116       492.940544      6444.408473         7.116276        -1.585034        -2.306477
     4600.257736      -124.140516      5035.311109         5.488520        -1.665169        -5.061903
     6204.202677      -714.311930      2741.847969         2.895070        -1.458179        -6.930144
     6719.376798     -1176.286769       -33.380274        -0.207725        -1.002253        -7.580798
     6055.376146     -1431.874229     -2802.806025        -3.272790        -0.378611        -6.900217
     4329.489556     -1439.334734     -5080.681245        -5.761291         0.303401        -5.011278
     1845.105993     -1200.102635     -6468.994363        -7.238914         0.926009        -2.249265
     -962.712880      -757.845599     -6726.838471        -7.451207         1.383581         0.900111
    -3603.993591      -190.290112     -5811.269864        -6.365251         1.600339         3.887445
    -5619.022921       404.517972     -3883.377179        -4.172335         1.542375         6.194776
    -6657.356071       925.039172     -1279.467737        -1.253265         1.222433         7.423152
    -6537.761282      1283.340748      1547.165139         1.886760         0.697104         7.359340
    -5279.520775      1419.744040      4104.102347         4.703245         0.057098         6.012045
    -3099.905224      1312.708786      5944.615622         6.704701        -0.587910         3.612026
     -377.744082       982.341744      6745.480606         7.537938        -1.127685         0.575006
     2411.536379       486.863250      6364.396569         7.051880        -1.470247        -2.568316
     4778.870190       -87.498636      4866.378005         5.327412        -1.557899        -5.264758
     6308.091102      -641.536290      2513.485606         2.665749        -1.377442        -7.037729
     6730.214994     -1080.379519      -281.060367        -0.464309        -0.962410        -7.573984
     5971.447042     -1329.954830     -3026.325977        -3.510939        -0.386751        -6.780567
     4165.875122     -1349.582794     -5241.020446        -5.939054         0.248781        -4.800493
     1630.812104     -1138.500863     -6538.465665        -7.325556         0.834736        -1.984839
    -1190.029076      -735.326765     -6693.782335        -7.432265         1.271994         1.171888
    -3804.639435      -210.811922     -5681.850294        -6.244543         1.488296         4.119617
    -5758.060150       344.631899     -3680.333179        -3.970914         1.449682         6.347540
    -4560.920296      2799.856421     -4166.980512        -5.635241        -3.615882         3.734523
    -6389.799345       957.409472     -2067.440675        -2.495219        -4.676308         5.537450
    -6672.131910     -1107.604644       540.264675         1.250131        -4.628949         5.978920
    -5339.023610     -2906.969431      3015.316882         4.694036        -3.488314         4.951783
    -2712.589005     -4016.539293      4749.968555         7.003357        -1.526345         2.709086
      572.099124     -4175.807786      5318.416511         7.619164         0.792591        -0.198681
     3720.339201     -3348.738008      4580.976662         6.391116         2.921086        -3.058245
     5969.631424     -1731.891692      2718.392177         3.614192         4.357089        -5.167604
     6774.148096       291.990138       187.865176        -0.041208         4.761863        -6.007835
     5937.448439      2244.244449     -2388.793244        -3.690115         4.040132        -5.371088
     3660.969030      3663.361058     -4377.876255        -6.447131         2.363153        -3.412896
      495.861618      4214.214362     -5289.925997        -7.642198         0.128536        -0.614832
    -2790.617139      3767.407778     -4900.570850        -6.984627        -2.134171         2.334132
    -5401.644871      2429.702806     -3305.861894        -4.634193        -3.889534         4.708128
    -6704.492856       518.316752      -898.335127        -1.161584        -4.723328         5.923785
    -6383.861220     -1514.541784      1730.011068         2.591349        -4.440084         5.683510
    -4517.764683     -3188.688296      3933.475001         5.716273        -3.108212         4.047541
    -1558.109038     -4109.112069      5171.085951         7.457725        -1.042903         1.418053
     1778.809523     -4058.772429      5139.017830         7.394675         1.268421        -1.559765
     4685.314880     -3049.543933      3844.937991         5.541682         3.280458        -4.155293
     6457.438600     -1319.527304      1606.317132         2.345940         4.517898        -5.730888
     6665.376322       722.765369     -1027.059454        -1.419561         4.687443        -5.898335
     5258.124667      2594.552849     -3407.825385        -4.842252         3.747742        -4.615137
     2576.494190      3852.852817     -4950.256593        -7.091449         1.920154        -2.196188
     -729.267762      4199.503334     -5274.749332        -7.621091        -0.363068         0.763175
    -3857.498155      3552.009181     -4301.571332        -6.303308        -2.561287         3.534218
    -6050.101458      2063.164065     -2270.433267        -3.459253        -4.154073         5.435172
    -6776.591821        84.785622       318.903396         0.220173        -4.764672         5.999420
    -5862.262656     -1915.608517      2829.947283         3.843245        -4.248771         5.089615
    -3529.710163     -3465.219105      4645.971140         6.533741        -2.727906         2.930209
     -344.298258     -4197.382298      5321.169257         7.642052        -0.560405         0.051525
     2922.777412     -3937.958730      4689.719078         6.900992         1.742773        -2.840186
     5480.781142     -2746.627644      2906.412100         4.489910         3.637702        -5.035136
     6710.506311      -903.393431       408.985687         0.992013         4.675263        -5.993568
     6314.282888      1156.825266     -2188.929263        -2.745636         4.607544        -5.478642
     4388.509633      2946.545305     -4248.425691        -5.816821         3.447646        -3.615803
     1400.618844      4041.093050     -5262.675063        -7.476571         1.467947        -0.862971
    -1924.411165      4179.602914     -4982.056939        -7.323062        -0.863672         2.102048
    -4780.443506      3327.363796     -3475.803045        -5.395576        -2.994807         4.549230
    -6476.160754      1684.438183     -1114.742822        -2.164030        -4.419960         5.876887
    -6602.549472      -361.512877      1520.387995         1.586748        -4.800557         5.759707
    -5131.218871     -2326.829129      3782.040532         4.948480        -4.044902         4.227773
    -2420.246270     -3746.043152      5114.857986         7.109193        -2.329596         1.657989
      873.172576     -4281.761733      5191.661498         7.548345        -0.058037        -1.318877
     3951.800089     -3804.566216      3993.471360         6.161357         2.233981        -3.972414
     6070.915217     -2424.263500      1814.262620         3.284595         4.003813        -5.650900
     6718.279525      -464.961325      -810.794002        -0.385261         4.829907        -5.940997
     5738.226093      1610.624188     -3236.424110        -3.959002         4.512382        -4.770039
     3369.589914      3310.249095     -4865.869246        -6.570323         3.122078        -2.425131
      187.785044      4228.998903     -5298.040766        -7.586779         0.985423         0.516756
    -3035.197234      4146.017243     -4426.612757        -6.764071        -1.392190         3.331129
    -5518.645582      3077.731574     -2466.239343        -4.305044        -3.446453         5.325285
    -6662.670820      1274.629087       100.619612        -0.808892        -4.688583         6.009396
    -6193.068313      -837.679497      2642.815736         2.876013        -4.821575         5.216578
    -4226.587371     -2758.984749      4535.813279         5.858501        -3.810640         3.142730
    -1241.489019     -4032.716159      5314.858539         7.419584        -1.891632         0.297459
     2038.815294     -4354.073815      4788.690430         7.184707         0.483992        -2.621024
     4820.726874     -3642.736920      3086.330703         5.213029         2.754734        -4.896426
     6432.069882     -2063.007499       625.660102         1.982976         4.380956        -5.969414
     6484.476546        13.717195     -1988.759823        -1.722797         4.972781        -5.575095
     4967.374595      2095.874234     -4113.999444        -5.006386         4.383956        -3.809163
     2250.493565      3687.990184     -5227.026672        -7.072556         2.748726        -1.105503
    -1006.132242      4408.789957     -5053.821925        -7.422454         0.451766         1.870257
    -4012.884292      4082.778509     -3637.109485        -5.974937        -1.962469         4.385293
    -6042.569798      2783.039151     -1325.718240        -3.085220        -3.919394         5.820916
    -6606.569511       814.761353      1311.684824         0.543315        -4.951461         5.825047
    -5572.241216     -1356.608048      3626.808149         4.031352        -4.809651         4.397994
    -3193.590043     -3215.424077      5051.044468         6.536866        -3.522901         1.891158
      -48.575392     -4318.022753      5234.769745         7.457553        -1.391885        -1.079883
     3101.207944     -4398.267774      4132.831724         6.574623         1.081043        -3.786078
     5494.550240     -3431.651671      2015.635094         4.104531         3.309492        -5.562909
     6554.298675     -1642.648228      -596.886117         0.646642         4.761346        -5.973052
     6026.662055       546.950153     -3062.583797        -2.961194         5.085711        -4.914354
     4042.430152      2617.153254     -4774.859479        -5.845325         4.198310        -2.646156
     1084.931959      4073.277641     -5312.184935        -7.308556         2.304021         0.273617
    -2127.768825      4564.434361     -4542.261288        -6.999815        -0.150057         3.125901
    -4817.696349      3968.343309     -2654.725775        -4.998935        -2.580484         5.208426
    -6335.845856      2421.746755      -114.200965        -1.795581        -4.406836         6.009330
    -6318.861469       288.892299      2454.465841         1.831717        -5.190594         5.332891
    -4775.626413     -1924.415189      4420.067064         5.005538        -4.740057         3.346558
    -2083.471617     -3690.685460      5299.948848         6.961564        -3.156524         0.538737
     1104.260244     -4586.141307      4878.134439         7.231643        -0.811280        -2.401353
     4016.523503     -4392.088337      3258.108069         5.755015         1.741041        -4.752136
     5950.659774     -3148.286478       837.570954         2.892027         3.892768        -5.935938
     6441.769403     -1145.354882     -1788.802556        -0.662894         5.127274        -5.660768
     5374.712015      1142.663180     -3975.184793        -4.048833         5.143162        -3.992967
     3011.525327      3170.265823     -5183.489191        -6.446919         3.928580        -1.342094
      -72.690754      4450.686656     -5116.169268        -7.279300         1.766711         1.639327
    -3129.970000      4673.086272     -3789.808674        -6.349388        -0.830110         4.216967
    -5421.399341      3778.221938     -1531.011385        -3.888432        -3.242354         5.756448
    -6396.077603      1974.004539      1104.364868        -0.497229        -4.891736         5.879900
    -5823.465091      -313.002574      3468.342688         3.001646        -5.379947         4.558286
    -3847.426728     -2538.555474      4980.177811         5.763788        -4.584299         2.117338
     -949.719191     -4170.090576      5268.715147         7.126168        -2.687831        -0.843266
     2167.483439     -4813.822868      4263.139535         6.765243        -0.137132        -3.596917
     4751.398416     -4309.547000      2210.269594         4.773247         2.462205        -5.467545
     6180.065631     -2770.555280      -385.748380         1.635128         4.488502        -5.994965
     6112.033605      -558.697362     -2886.862138        -1.888535         5.452287        -5.048261
     4568.308301      1800.268992     -4677.788860        -4.945291         5.114932        -2.859106
     1926.570341      3741.546107     -5317.605900        -6.797440         3.548536         0.034203
    -1171.159229      4796.775364     -4648.700034        -7.001101         1.121341         2.919148
      371.048462      -630.901282      -639.281337        22.846485        -3.576959        -7.420204
     -160.711064       530.690064       509.620723       -19.389059       -17.327082       -12.313681
       30.564406      -546.474800      -501.630617        24.424871        -9.349474       -12.601247
      126.270561       725.989310       640.270946       -19.981130       -11.536279        -7.285556
     -178.038534      -442.499812      -375.904950        23.332618       -15.234297       -17.456792
      590.694952       917.466754       750.966058       -18.057827        -5.997869        -2.839660
     -307.539985      -335.903230      -264.324609        19.940624       -20.530656       -21.514052
     1296.123753      1043.145901       784.525794       -14.108246        -1.324929         0.634126
     -386.350496      -231.670724      -164.480709        14.826288       -24.724799       -24.469198
     2190.127508       961.525373       627.657722        -8.768548         2.074600         2.917634
     -429.918298      -130.847480       -73.480853         8.657114       -27.515979       -26.186362
     2873.556066       531.784758       198.639873        -2.712438         4.004624         3.951550
     -446.703970       -33.234394        11.137516         2.091411       -28.806544       -26.675256
     2828.827791       -91.989918      -327.336795         3.435576         4.457331         3.805850
     -441.186336        61.656999        91.294703        -4.294490       -28.667775       -26.056649
     2196.830634      -551.888579      -663.814445         9.158422         3.571391         2.642358
     -415.401565       154.235394       168.423945       -10.050035       -27.293223       -24.523817
     1480.136898      -748.217669      -772.435222        14.076495         1.582951         0.676626
     -369.759864       244.654111       243.529637       -14.867823       -24.949541       -22.306093
      913.275531      -777.902291      -755.090668        17.953798        -1.221913        -1.855874
     -303.508788       332.687007       317.207859       -18.580098       -21.931954       -19.638410
      511.212816      -732.375490      -689.434382        20.686451        -4.547641        -4.726422
     -215.043156       417.602309       389.621253       -21.140973       -18.528633       -16.738642
      232.694964      -659.323783      -611.553759        22.280256        -8.119614        -7.731625
     -102.191372       498.018557       460.430563       -22.600809       -14.995593       -13.793010
       38.804519      -579.661250      -535.392102        22.823227       -11.703982       -10.704269
       37.416555       571.753057       528.694174       -23.078075       -11.541902       -10.948671
      -97.800068      -501.924903      -465.600862        22.457750       -15.117820       -13.517636
      205.804487       635.704159       592.763204       -22.732592        -8.323685        -8.312092
     -195.079208      -429.354463      -403.257479        21.355528       -18.231478       -16.084864
      403.860696       685.849305       650.226819       -21.742625        -5.444874        -5.951556
     -264.772018      -362.981856      -348.163878        19.697104       -20.965280       -18.354954
      630.314013       717.481917       697.996043       -20.286990        -2.962527        -3.902272
     -314.686403      -302.945552      -299.740095        17.656616       -23.282691       -20.306873
      880.649108       725.819212       732.634107       -18.532425        -0.894726        -2.172778
     -350.154321      -249.048213      -257.360448        15.391656       -25.181738       -21.942895
     1146.363233       707.033634       751.006651       -16.625773         0.770510        -0.751644
     -374.927097      -200.991157      -220.469559        13.037587       -26.686069       -23.282023
     1415.130768       659.551033       751.195017       -14.690197         2.066478         0.386207
     -391.725550      -158.469135      -188.612041        10.705417       -27.836566       -24.354025
     1672.304144       585.176995       733.408775       -12.824483         3.039924         1.273961
     -402.580976      -121.204453      -161.429489         8.482288       -28.684104       -25.194363
     1903.595441       489.470254       700.481879       -11.104496         3.744461         1.948335
     -409.048557       -88.955285      -138.646422         6.433703       -29.283660       -25.840118
     2098.005145       381.012620       657.623999        -9.585974         4.235387         2.445990
     -412.341795       -61.513930      -120.053849         4.606714       -29.689810       -26.326864
     2249.719627       269.785753       611.451967        -8.307978         4.565830         2.800843
     -413.417303       -38.702261      -105.493884         3.033508       -29.953488       -26.686388
     2358.188298       165.349050       568.701946        -7.296499         4.784056         3.042149
     -413.028127       -20.367718       -94.846650         1.734936       -30.119779       -26.945090
     2426.565548        75.526607       535.119181        -6.567833         4.931696         3.193188
     -411.757127        -6.381411       -88.019886         0.723690       -30.226519       -27.122919
     2459.403351         5.896289       514.800588        -6.131513         5.042654         3.270402
     -410.037910         3.361035       -84.941345         0.006939       -30.303459       -27.232687
     2460.536513       -40.090977       509.955887        -5.992628         5.142481         3.282870
     -408.168162         8.935643       -85.553954        -0.411691       -30.371790       -27.279667
     2431.746870       -60.754815       520.882932        -6.153440         5.247993         3.232007
     -406.318336        10.383126       -89.813699        -0.530855       -30.443835       -27.261389
     2372.427573       -55.941842       545.976483        -6.614285         5.367023         3.111442
     -404.537167         7.698667       -97.690186        -0.350974       -30.522815       -27.167599
     2280.261567       -27.056992       581.735878        -7.373706         5.498176         2.907074
     -402.754205         0.817994      -109.169845         0.125525       -30.602596       -26.980417
     2152.782771        22.699133       622.906036        -8.427840         5.630557         2.597334
     -400.778324       -10.401070      -124.261752         0.893224       -30.667399       -26.674725
     1989.439999        88.160949       662.974900        -9.769060         5.743483         2.153739
     -398.289832       -26.203106      -143.006073         1.941994       -30.691524       -26.218920
     1793.433852       162.452444       695.158572       -11.383906         5.806239         1.541868
     -394.822152       -46.968155      -165.485109         3.254587       -30.639179       -25.576151
     1572.428875       237.865058       713.716167       -13.250372         5.778020         0.722908
     -389.726641       -73.257349      -191.836858         4.803650       -30.464577       -24.706222
     1337.614055       307.181678       715.124637       -15.334666         5.608243        -0.344033
     -382.110185      -105.877429      -222.270666         6.548291       -30.112536       -23.568357
     1101.440703       364.929471       698.600954       -17.587662         5.237499        -1.698683
     -370.728350      -145.973986      -257.083667         8.430476       -29.519854       -22.124962
      875.089316       408.045602       665.786322       -19.941331         4.599449        -3.375278
     -353.804334      -195.168776      -296.674219        10.371625       -28.617810       -20.346531
      666.718610       435.789139       619.847915       -22.305632         3.624002        -5.397088
     -328.720527      -255.764549      -341.542270        12.269942       -27.336118       -18.217676
      480.925163       449.119448       564.461357       -24.566459         2.242137        -7.769869
     -291.485017      -331.051356      -392.250497        13.999166       -25.608674       -15.744122
      319.181282       449.911598       503.031539       -26.585402         0.392623       -10.474519
     -235.790908      -425.755345      -449.278603        15.409578       -23.381294       -12.960259
      180.738281       440.288685       438.271912       -28.202236        -1.969212       -13.459503
     -151.332521      -546.644920      -512.594414        16.332205       -20.621481        -9.936518
       63.560622       422.179323       372.083503       -29.241070        -4.860794       -16.633945
      -20.807485      -703.125112      -580.476320        16.587131       -17.329904        -6.785496
      -34.932839       397.081962       305.611775       -29.521021        -8.260208       -19.862649
      185.051581      -906.824350      -646.368431        15.996694       -13.552860        -3.665371
     -117.369367       365.965782       239.373982       -28.872031       -12.093712       -22.964693
      513.275630     -1165.994279      -690.843784        14.403932        -9.394377        -0.778847
     -186.121622       329.234844       173.389073       -27.155863       -16.224503       -25.717422
     1021.917646     -1460.668199      -664.201210        11.695962        -5.025987         1.634261
     -243.133007       286.696077       107.276399       -24.291538       -20.445065       -27.867724
     1702.657792     -1672.841724      -470.406260         7.830984        -0.691540         3.312538
     -289.794460       237.482138        40.310163       -20.283281       -24.475985       -29.152060
     2270.551861     -1539.730445       -45.399952         2.866351         3.296067         3.997681
     -326.796667       179.876930       -28.574135       -15.247689       -27.974486       -29.325870
     2252.377395      -969.671420       423.065631        -3.016356         6.569469         3.468386
     -353.858707       110.965508      -100.821179        -9.435357       -30.555762       -28.201471
     1721.283881      -335.920324       657.750154        -9.494661         8.735480         1.581529
     -369.157062        25.964612      -178.337495        -3.240963       -31.829294       -25.691479
